0.0 0.0 0.0 0.0 0.0 0.0 0.0 0.0 0.0 0.0 
0.0 9.0783496E7 1.20822208E8 7.5241176E7 6.1954504E7 1.17909904E8 0.0 90.9 90.9 0.0 
0.0 3.4793436E7 4.984888E7 3.2721504E7 3.3148972E7 6.2408092E7 93.8 0.0 0.0 19.5 
0.0 1.6788516E7 2.912749E7 1.8036076E7 2.5283834E7 4.4101256E7 14.0 0.0 0.0 0.0 
0.0 6381238.5 6107037.5 2866658.5 1.2920202E7 1.2652601E7 0.0 0.0 0.0 0.0 
0.0 0.0 6.1 0.0 0.0 85.9 0.0 87.8 0.0 0.0 
0.0 0.0 0.0 0.0 75.2 0.0 0.0 0.0 92.6 0.0 
0.0 0.0 0.0 71.2 0.0 0.6 0.0 0.0 41.7 64.8 
0.0 0.0 93.5 34.9 0.0 0.0 0.0 50.8 94.4 74.9 
0.0 90.0 0.0 0.0 0.0 0.0 0.0 12.1 47.5 0.0 
