4.4529196E7 3.1699248E7 8.8680688E7 2.2630812E7 4.8620264E7 6.249918E7 7.2271976E7 7.5313496E7 7.2494768E7 7146988.5 
2.2454938E7 6793584.0 4.4810756E7 1962516.8 2.3695348E7 2.180429E7 2.66864E7 3.4797472E7 3.3861764E7 3357785.2 
3.7744188E7 2.5204038E7 6.3237452E7 1.3620618E7 4.8842296E7 5.204724E7 6.155558E7 6.2994788E7 5.9618836E7 6310958.0 
1.5914321E7 6789237.5 4.5357772E7 7965884.0 3478653.0 1.2050869E7 1.4228824E7 2.4426154E7 2.6055726E7 1153372.1 
3.9666548E7 1.2763756E7 8.2145352E7 5112359.0 4.3048936E7 4.213378E7 5.0377432E7 6.2613224E7 6.0410468E7 6502153.5 
3.1398694E7 2.151616E7 5.668084E7 1.3229219E7 3.7465996E7 4.304654E7 5.0551564E7 5.2538108E7 5.0208908E7 5049721.5 
3.4155608E7 1.7813532E7 6.9898616E7 1.14544E7 2.9759768E7 3.5273996E7 4.2692052E7 5.4032056E7 5.3839704E7 4089153.2 
8459101.0 7242730.0 1.5333349E7 5175258.5 7229846.0 1.0228944E7 1.232232E7 1.3878044E7 1.3927098E7 798981.6 
7811402.0 6110419.0 2.3679882E7 7239110.0 785267.1 8523562.0 9463150.0 1.2922124E7 1.3763572E7 557774.9 
2.2722444E7 9648293.0 4.90679E7 5877098.0 2.6785618E7 2.964779E7 3.4092216E7 3.7578772E7 3.5554876E7 4395697.0 
