0.0 0.0 0.0 0.0 0.0 0.0 0.0 2.7 0.0 11.0 
1.21328112E8 1.21328072E8 4.40140864E8 4.40140832E8 4.40140832E8 0.0 0.0 90.9 90.9 0.0 
4.40140864E8 4.40140832E8 7.0314432E8 7.0314438E8 3.03872922E9 0.0 93.8 0.0 0.0 19.5 
5.9631171E9 8.4421903E9 1.07973089E10 1.16695777E10 1.43690107E10 0.0 14.0 0.0 0.0 0.0 
1.62782382E10 2.15566909E10 2.60989092E10 3.14148004E10 3.14148004E10 0.0 0.0 0.0 0.0 0.0 
0.0 0.0 6.1 0.0 0.0 85.9 0.0 87.8 0.0 0.0 
36.9 0.0 0.0 0.0 75.2 0.0 0.0 0.0 92.6 0.0 
0.0 0.0 0.0 71.2 0.0 0.6 0.0 0.0 41.7 64.8 
0.0 0.0 93.5 34.9 0.0 0.0 0.0 50.8 94.4 74.9 
37.0 90.0 0.0 0.0 0.0 0.0 0.0 12.1 47.5 0.0 
